2146
2626
23512
8726
5928
5931
5252
26147
171023
22823
3720
7528
23411
2145
8314
648
6015
6045
84733
11335
8535
23466
23492
57332
84759
7703
84108
1911
1912
80012
121536
26013
3065
3066
8841
55869
9759
9734
10014
51564
10013
22933
23410
23409
23408
51548
51547
79885
5926
79718
9611
10155
2033
1387
8202
7862
1386
7994
23522
10524
84148
11143
2648
8850
8520
51147
6418
55870
9070
55729
84444
10919
79813
4221
64324
7799
56979
5929
23168
9739
23067
29072
80854
387893
9869
83852
150572
56950
64754
6839
51111
84787
11091
23028
221656
22992
84678
55818
51780
9682
23030
23081
55693
5927
10765
8242
8284
7403
80853
79831
221037
23210
5253
23133
7404
1786
1788
1789
29947
4204
4152
8932
8930
80312
54790
57379
6996
6595
6597
6598
6599
6601
6602
6603
6604
6605
8289
57492
196528
86
51412
8193
5977
8110
57634
55193
55274
9112
9219
57504
1107
1108
54815
57459
54617
29844
6594
8467
11177
9031
11176
2186
54108
54107
51773
1105
1106
6927
10320
4000
4001
84823
7917
546
1616
84939
