121642
221120
328
27301
54840
472
545
84126
641
672
675
902
1022
1026
1111
11200
10987
1161
2074
8451
9937
64858
64421
1642
1643
146956
197342
2067
9156
2175
2187
2176
2177
2178
2188
2189
55215
55120
57697
2237
2873
2965
2966
2967
2968
404672
3364
2547
7520
3978
3980
3981
8930
9656
4255
4292
27030
64210
4331
4350
4361
4436
4437
4438
4439
2956
80198
4595
4683
79661
252969
55247
79840
4913
4968
142
10038
5111
5378
5395
5382
11284
5423
5424
26073
84271
5426
5427
54107
56655
5428
5429
11201
51426
27343
27434
353497
10721
5434
5435
5437
5440
5441
5591
5810
5884
56852
5886
5887
10111
5888
5889
5890
5892
5893
25788
8438
5883
5932
5965
7486
9401
9400
51455
5980
5981
5982
5983
5984
5985
6117
6118
6119
50484
7979
23583
6996
55775
11073
7157
11277
11219
7374
7507
2071
7508
2068
2072
2073
7515
7516
7517
7518
